$ 1 0.000005 10.20027730826997 50 5 50 5e-11
425 432 160 432 320 0 Q1 0.2 -1.3766765505351411e-17 0.02 20 0.015 0.005 0 0 0
R 432 160 432 128 0 0 40 5 0 0 0.5
s 432 320 432 400 2 1 false
g 432 400 432 416 0 0
g 592 400 592 416 0 0
s 592 320 592 400 2 1 false
R 592 160 592 128 0 0 40 5 0 0 0.5
425 592 160 592 320 0 Q2 0.2 -1.3766765505351411e-17 0.02 20 0.015 0.005 1 0 0
g 752 400 752 416 0 0
s 752 320 752 400 2 1 false
R 752 160 752 128 0 0 40 5 0 0 0.5
425 752 160 752 320 0 Q3 0.2 -1.3766765505351411e-17 0.02 20 0.015 0.005 2 0 0
g 912 400 912 416 0 0
s 912 320 912 400 2 1 false
R 912 160 912 128 0 0 40 5 0 0 0.5
425 912 160 912 320 0 Q4 0.2 -1.3766765505351411e-17 0.02 20 0.015 0.005 3 0 0
426 432 544 432 704 4 Q1 0.05 1000000 1
R 432 544 432 496 0 0 40 5 0 0 0.5
g 432 704 432 736 0 0
g 592 704 592 736 0 0
R 592 544 592 496 0 0 40 5 0 0 0.5
426 592 544 592 704 4 Q2 0.05 1000000 1
g 752 704 752 736 0 0
R 752 544 752 496 0 0 40 5 0 0 0.5
426 752 544 752 704 4 Q3 0.05 1000000 1
g 912 704 912 736 0 0
R 912 544 912 496 0 0 40 5 0 0 0.5
426 912 544 912 704 4 Q4 0.05 1000000 1
g 512 704 512 736 0 0
R 512 544 512 496 0 0 40 5 0 0 0.5
426 512 544 512 704 6 Q1 0.05 1000000 0
g 672 704 672 736 0 0
R 672 544 672 496 0 0 40 5 0 0 0.5
426 672 544 672 704 6 Q2 0.05 1000000 0
g 832 704 832 736 0 0
R 832 544 832 496 0 0 40 5 0 0 0.5
426 832 544 832 704 6 Q3 0.05 1000000 0
g 992 704 992 736 0 0
R 992 544 992 496 0 0 40 5 0 0 0.5
426 992 544 992 704 6 Q4 0.05 1000000 0
s 1024 304 1168 304 2 0 true
